0, -1.#IND
1, -1.#IND
2, -1.#IND
3, -1.#IND
4, -1.#IND
5, -1.#IND
6, -1.#IND
7, -1.#IND
8, -1.#IND
9, -1.#IND
10, -1.#IND
11, -1.#IND
12, -1.#IND
13, -1.#IND
14, -1.#IND
15, -1.#IND
16, -1.#IND
17, -1.#IND
18, -1.#IND
19, -1.#IND
20, -1.#IND
21, -1.#IND
22, -1.#IND
23, -1.#IND
24, -1.#IND
25, -1.#IND
26, -1.#IND
27, -1.#IND
28, -1.#IND
29, -1.#IND
30, -1.#IND
31, -1.#IND
32, -1.#IND
33, -1.#IND
34, -1.#IND
35, -1.#IND
36, -1.#IND
37, -1.#IND
38, -1.#IND
39, -1.#IND
40, -1.#IND
41, -1.#IND
42, -1.#IND
43, -1.#IND
44, -1.#IND
45, -1.#IND
46, -1.#IND
47, -1.#IND
48, -1.#IND
49, -1.#IND
50, -1.#IND
51, -1.#IND
52, -1.#IND
53, -1.#IND
54, -1.#IND
55, -1.#IND
56, -1.#IND
57, -1.#IND
58, -1.#IND
59, -1.#IND
60, -1.#IND
61, -1.#IND
62, -1.#IND
63, -1.#IND
64, -1.#IND
65, -1.#IND
66, -1.#IND
67, -1.#IND
68, -1.#IND
69, -1.#IND
70, -1.#IND
71, -1.#IND
72, -1.#IND
73, -1.#IND
74, -1.#IND
75, -1.#IND
76, -1.#IND
77, -1.#IND
78, -1.#IND
79, -1.#IND
80, -1.#IND
81, -1.#IND
82, -1.#IND
83, -1.#IND
84, -1.#IND
85, -1.#IND
86, -1.#IND
87, -1.#IND
88, -1.#IND
89, -1.#IND
90, -1.#IND
91, -1.#IND
92, -1.#IND
93, -1.#IND
94, -1.#IND
95, -1.#IND
96, -1.#IND
97, -1.#IND
98, -1.#IND
99, -1.#IND
100, -1.#IND
101, -1.#IND
102, -1.#IND
103, -1.#IND
104, -1.#IND
105, -1.#IND
106, -1.#IND
107, -1.#IND
108, -1.#IND
109, -1.#IND
110, -1.#IND
111, -1.#IND
112, -1.#IND
113, -1.#IND
114, -1.#IND
115, -1.#IND
116, -1.#IND
117, -1.#IND
118, -1.#IND
119, -1.#IND
120, -1.#IND
121, -1.#IND
122, -1.#IND
123, -1.#IND
124, -1.#IND
125, -1.#IND
126, -1.#IND
127, -1.#IND
128, -1.#IND
129, -1.#IND
130, -1.#IND
131, -1.#IND
132, -1.#IND
133, -1.#IND
134, -1.#IND
135, -1.#IND
136, -1.#IND
137, -1.#IND
138, -1.#IND
139, -1.#IND
140, -1.#IND
141, -1.#IND
142, -1.#IND
143, -1.#IND
144, -1.#IND
145, -1.#IND
146, -1.#IND
147, -1.#IND
148, -1.#IND
149, -1.#IND
150, -1.#IND
151, -1.#IND
152, -1.#IND
153, -1.#IND
154, -1.#IND
155, -1.#IND
156, -1.#IND
157, -1.#IND
158, -1.#IND
159, -1.#IND
160, -1.#IND
161, -1.#IND
162, -1.#IND
163, -1.#IND
164, -1.#IND
165, -1.#IND
166, -1.#IND
167, -1.#IND
168, -1.#IND
169, -1.#IND
170, -1.#IND
171, -1.#IND
172, -1.#IND
173, -1.#IND
174, -1.#IND
175, -1.#IND
176, -1.#IND
177, -1.#IND
178, -1.#IND
179, -1.#IND
180, -1.#IND
181, -1.#IND
182, -1.#IND
183, -1.#IND
184, -1.#IND
185, -1.#IND
186, -1.#IND
187, -1.#IND
188, -1.#IND
189, -1.#IND
190, -1.#IND
191, -1.#IND
192, -1.#IND
193, -1.#IND
194, -1.#IND
195, -1.#IND
196, -1.#IND
197, -1.#IND
198, -1.#IND
199, -1.#IND
200, -1.#IND
201, -1.#IND
202, -1.#IND
203, -1.#IND
204, -1.#IND
205, -1.#IND
206, -1.#IND
207, -1.#IND
208, -1.#IND
209, -1.#IND
210, -1.#IND
211, -1.#IND
212, -1.#IND
213, -1.#IND
214, -1.#IND
215, -1.#IND
216, -1.#IND
217, -1.#IND
218, -1.#IND
219, -1.#IND
220, -1.#IND
221, -1.#IND
222, -1.#IND
223, -1.#IND
224, -1.#IND
225, -1.#IND
226, -1.#IND
227, -1.#IND
228, -1.#IND
229, -1.#IND
230, -1.#IND
231, -1.#IND
232, -1.#IND
233, -1.#IND
234, -1.#IND
235, -1.#IND
236, -1.#IND
237, -1.#IND
238, -1.#IND
239, -1.#IND
240, -1.#IND
241, -1.#IND
242, -1.#IND
243, -1.#IND
244, -1.#IND
245, -1.#IND
246, -1.#IND
247, -1.#IND
248, -1.#IND
249, -1.#IND
250, -1.#IND
251, -1.#IND
252, -1.#IND
253, -1.#IND
254, -1.#IND
255, -1.#IND
256, -1.#IND
257, -1.#IND
258, -1.#IND
259, -1.#IND
260, -1.#IND
261, -1.#IND
262, -1.#IND
263, -1.#IND
264, -1.#IND
265, -1.#IND
266, -1.#IND
267, -1.#IND
268, -1.#IND
269, -1.#IND
270, -1.#IND
271, -1.#IND
272, -1.#IND
273, -1.#IND
274, -1.#IND
275, -1.#IND
276, -1.#IND
277, -1.#IND
278, -1.#IND
279, -1.#IND
280, -1.#IND
281, -1.#IND
282, -1.#IND
283, -1.#IND
284, -1.#IND
285, -1.#IND
286, -1.#IND
287, -1.#IND
288, -1.#IND
289, -1.#IND
290, -1.#IND
291, -1.#IND
292, -1.#IND
293, -1.#IND
294, -1.#IND
295, -1.#IND
296, -1.#IND
297, -1.#IND
298, -1.#IND
299, -1.#IND
300, 2
301, 2
302, 2
303, 2
304, 1
305, 1
306, 1
311, 1
312, 2
313, 2
314, 2
315, 2
316, 2
317, 2
318, 2
319, 2
320, 1
325, 1
326, 2
327, 2
328, 2
329, 1
330, 1
331, 1
332, 2
333, 2
334, 2
335, 1
336, 2
337, 2
338, 1
339, 1
340, 1
341, 1
342, 3
343, 3
344, 3
345, 2
346, 3
347, 3
348, 3
349, 3
350, 2
351, 3
352, 3
353, 3
354, 2
355, 4
356, 4
357, 4
358, 2
359, 2
360, 1
361, 1
362, 1
363, 2
364, 2
365, 2
366, 2
367, 2
368, 1
369, 1
371, 1
372, 1
373, 4
374, 4
375, 3
376, 1
377, 1
378, 1
379, 1
387, 1
388, 2
389, 2
390, 1
391, 1
392, 1
393, 1
394, 1
396, 1
397, 1
398, 1
401, 1
402, 2
403, 2
404, 1
405, 1
406, 2
407, 1
408, 2
409, 3
410, 3
411, 3
412, 3
413, 1
414, 1
415, 1
416, 1
417, 2
418, 2
419, 2
420, 1
428, 1
429, 1
430, 3
431, 4
432, 5
433, 6
434, 4
435, 2
436, 3
437, 2
438, 1
448, 1
449, 1
450, 1
451, 1
452, 2
453, 2
454, 1
457, 2
458, 2
459, 2
460, 2
461, 2
462, 1
467, 1
468, 2
469, 3
470, 3
471, 3
472, 2
473, 2
474, 1
475, 2
476, 2
477, 3
478, 1
479, 2
480, 1
486, 1
487, 1
488, 1
489, 1
490, 2
491, 2
492, 3
493, 3
494, 3
495, 2
496, 3
497, 3
498, 3
499, 2
500, 2
501, 2
502, 2
503, 1
504, 1
505, 1
506, 1
507, 1
510, 1
511, 1
512, 3
513, 3
514, 2
515, 2
516, 2
517, 1
518, 2
519, 2
520, 2
525, 1
526, 1
527, 1
528, 2
529, 3
530, 3
531, 2
532, 1
533, 1
534, 1
535, 1
537, 1
538, 2
539, 3
540, 1
541, 1
542, 1
543, 1
544, 1
545, 1
546, 1
549, 1
550, 1
551, 2
552, 3
553, 3
554, 1
555, 1
557, 1
558, 1
559, 1
562, 1
563, 1
564, 1
565, 1
566, 2
567, 2
568, 3
569, 3
570, 3
571, 5
572, 5
573, 4
574, 3
575, 3
576, 2
577, 3
578, 3
579, 3
580, 2
581, 2
582, 2
583, 2
584, 2
585, 2
586, 2
587, 3
588, 3
589, 3
590, 3
591, 3
592, 3
593, 1
594, 1
595, 1
596, 1
597, 1
598, 2
599, 3
600, 2
601, 2
602, 2
607, 1
608, 1
609, 1
610, 1
611, 3
612, 3
613, 2
618, 1
619, 2
620, 2
621, 2
622, 1
623, 1
624, 1
625, 1
626, 1
631, 1
632, 1
633, 2
634, 1
635, 1
636, 3
637, 2
638, 3
639, 2
640, 4
641, 4
642, 3
643, 2
644, 2
645, 3
646, 4
647, 3
648, 3
649, 2
650, 1
651, 2
652, 2
653, 2
654, 1
655, 1
656, 1
657, 1
658, 2
659, 3
662, 1
663, 1
664, 1
665, 1
666, 1
667, 2
668, 2
669, 2
670, 3
671, 4
672, 4
673, 2
674, 1
675, 1
676, 1
677, 1
678, 1
680, 1
681, 1
682, 1
690, 1
691, 1
692, 1
694, 1
695, 2
696, 2
697, 3
698, 2
699, 1
700, 1
701, 3
702, 4
703, 4
704, 4
705, 2
706, 2
707, 1
712, 1
713, 1
714, 2
715, 1
716, 1
717, 1
718, 2
719, 2
720, 1
721, 1
722, 1
723, 2
724, 3
725, 3
726, 3
727, 2
728, 1
729, 2
730, 2
731, 2
732, 1
733, 1
741, 1
742, 1
743, 1
744, 1
749, 1
750, 1
751, 1
753, 1
754, 2
755, 2
756, 1
757, 3
758, 3
759, 3
760, 3
761, 2
762, 2
763, 1
764, 3
765, 3
766, 3
767, 1
768, 2
769, 1
770, 1
771, 1
772, 1
773, 1
774, 2
775, 1
776, 1
777, 1
778, 1
779, 1
781, 1
782, 1
783, 1
784, 1
785, 1
786, 2
787, 2
788, 3
789, 2
790, 2
791, 2
792, 1
793, 1
803, 1
804, 1
805, 1
806, 1
808, 1
809, 1
810, 1
811, 2
812, 2
813, 3
814, 3
815, 2
816, 1
817, 2
818, 2
819, 2
820, 2
821, 2
822, 3
823, 2
824, 2
825, 3
826, 2
827, 2
828, 3
829, 1
830, 1
831, 1
832, 1
836, 1
837, 2
838, 2
839, 2
840, 1
841, 1
842, 1
843, 1
844, 1
845, 1
846, 1
847, 1
848, 1
849, 2
850, 3
851, 2
852, 2
853, 2
864, 1
865, 1
866, 2
867, 4
868, 3
869, 3
870, 3
871, 4
872, 3
873, 3
874, 1
875, 2
876, 2
877, 2
878, 2
879, 1
880, 1
881, 3
882, 2
883, 2
884, 2
885, 1
888, 1
889, 1
890, 1
891, 1
892, 1
893, 1
894, 1
895, 1
896, 1
897, 1
898, 2
899, 2
900, 4
901, 3
902, 3
903, 2
904, 2
905, 2
906, 2
907, 2
908, 2
909, 1
910, 2
911, 2
912, 2
913, 3
914, 2
915, 2
916, 2
917, 2
918, 2
919, 1
920, 2
921, 2
922, 2
923, 3
924, 4
925, 4
926, 5
927, 5
928, 5
929, 3
930, 2
931, 2
932, 1
933, 1
934, 1
935, 1
936, 1
940, 1
941, 1
942, 1
943, 1
944, 1
945, 1
946, 1
947, 1
948, 1
951, 1
952, 1
953, 1
954, 1
955, 1
956, 2
957, 2
958, 2
959, 2
960, 1
961, 2
962, 3
963, 3
964, 3
965, 3
966, 2
967, 2
968, 1
969, 1
970, 1
971, 2
972, 2
973, 2
974, 1
975, 1
976, 1
977, 1
978, 3
979, 3
980, 3
981, 3
982, 3
983, 3
984, 3
985, 2
986, 2
987, 2
988, 2
989, 2
990, 2
991, 2
992, 1
993, 1
994, 1
998, 1
999, 1
1000, 1
1001, 1
1002, 1
1007, 1
1008, 1
1009, 1
1010, 1
1011, 1
1015, 1
1016, 1
1017, 2
1018, 3
1019, 3
1020, 1
1021, 2
1022, 2
1023, 3
1024, 3
1025, 3
1026, 2
1027, 2
1028, 2
1029, 1
1030, 2
1031, 2
1032, 2
1033, 2
1034, 2
1035, 1
1036, 1
1037, 1
1038, 1
1039, 2
1040, 1
1041, 1
1042, 1
1043, 1
1044, 1
1045, 1
1046, 2
1047, 3
1048, 2
1049, 3
1050, 3
1051, 3
1052, 3
1053, 2
1054, 1
1055, 1
1056, 1
1057, 2
1058, 2
1059, 2
1060, 2
1061, 2
1062, 1
1063, 1
1064, 1
1065, 1
1066, 1
1067, 1
1068, 1
1069, 1
1070, 2
1071, 2
1072, 2
1073, 2
1074, 2
1075, 2
1076, 1
1077, 2
1078, 1
1079, 1
1080, 2
1081, 2
1082, 2
1085, 1
1086, 2
1087, 2
1088, 2
1089, 2
1090, 2
1091, 3
1092, 3
1093, 2
1094, 1
1095, 2
1096, 1
1097, 1
1098, 1
1099, 1
1100, 1
1101, 1
1102, 1
1103, 1
1104, 1
1105, 2
1106, 1
1107, 1
1108, 1
1109, 1
1111, 1
1112, 1
1113, 1
1114, 1
1115, 2
1116, 2
1117, 1
1118, 1
1119, 1
1120, 1
1134, 1
1135, 1
1136, 1
1137, 1
1138, 2
1139, 2
1140, 1
1141, 2
1142, 2
1143, 2
1144, 2
1145, 2
1146, 2
1147, 1
1148, 1
1149, 2
1150, 2
1151, 3
1152, 3
1153, 3
1154, 3
1155, 3
1156, 3
1158, 1
1159, 1
1160, 1
1161, 1
1162, 2
1163, 2
1164, 1
1165, 1
1166, 1
1167, 1
1173, 1
1174, 2
1175, 2
1176, 2
1177, 2
1178, 2
1195, 1
1196, 1
1197, 2
1198, 4
1199, 4
1200, 1
1201, 1
1202, 1
1203, 1
1204, 1
1205, 1
1206, 1
1207, 1
1208, 2
1209, 2
1210, 2
1211, 1
1212, 2
1213, 2
1214, 3
1215, 4
1216, 4
1217, 4
1218, 3
1219, 4
1220, 4
1221, 3
1222, 1
1223, 1
1224, 1
1232, 1
1233, 1
1234, 1
1235, 1
1236, 2
1237, 2
1238, 1
1239, 1
1240, 1
1241, 1
1242, 1
1247, 1
1248, 1
1249, 1
1250, 1
1251, 1
1252, 1
1253, 1
1254, 1
1255, 2
1256, 2
1257, 1
1258, 2
1259, 3
1260, 2
1261, 2
1262, 1
1263, 1
1271, 1
1272, 1
1273, 2
1274, 2
1275, 3
1276, 3
1277, 3
1278, 2
1279, 3
1280, 3
1281, 3
1282, 2
1283, 2
1284, 2
1285, 2
1286, 2
1287, 2
1288, 2
1289, 2
1290, 2
1291, 2
1292, 2
1293, 2
1294, 2
1295, 2
1296, 1
1297, 2
1298, 2
1299, 3
1300, 2
1301, 2
1302, 2
1303, 2
1304, 2
1305, 2
1306, 1
1307, 1
1308, 1
1313, 1
1314, 2
1315, 3
1316, 3
1317, 3
1318, 3
1319, 3
1321, 1
1322, 1
1323, 1
1324, 1
1325, 1
1326, 2
1327, 2
1328, 2
1329, 2
1330, 2
1331, 3
1332, 3
1333, 2
1334, 2
1335, 2
1336, 2
1337, 2
1338, 2
1339, 1
1340, 2
1341, 2
1342, 1
1343, 1
1344, 1
1345, 1
1346, 2
1347, 3
1348, 3
1349, 3
1350, 3
1351, 3
1352, 3
1353, 3
1354, 2
1355, 2
1356, 2
1357, 2
1358, 2
1359, 1
1360, 1
1361, 1
1362, 2
1363, 2
1364, 2
1365, 2
1366, 3
1367, 4
1368, 4
1369, 4
1370, 4
1371, 3
1372, 3
1373, 3
1374, 3
1375, 4
1376, 4
1377, 2
1378, 2
1379, 2
1380, 2
1381, 2
1382, 2
1383, 2
1384, 2
1385, 2
1386, 3
1387, 3
1388, 3
1389, 3
1390, 3
1391, 3
1392, 3
1393, 3
1394, 3
1395, 3
1396, 2
1397, 3
1398, 3
1399, 3
1400, 3
1401, 2
1402, 2
1403, 3
1404, 3
1405, 3
1406, 1
1407, 1
1408, 1
1409, 1
1410, 1
1411, 1
1414, 1
1415, 1
1416, 2
1417, 2
1418, 3
1419, 3
1420, 3
1421, 3
1422, 3
1423, 3
1424, 3
1425, 3
1426, 4
1427, 4
1428, 4
1429, 3
1430, 2
1431, 2
1432, 2
1433, 2
1434, 2
1435, 1
1438, 1
1439, 1
1440, 2
1441, 2
1442, 2
1443, 2
1444, 1
1445, 1
1446, 1
1447, 2
1448, 2
1449, 2
1450, 2
1451, 1
1452, 1
1453, 1
1454, 1
1455, 1
1456, 1
1457, 1
1458, 1
1459, 2
1460, 3
1461, 3
1462, 3
1463, 4
1464, 4
1465, 5
1466, 5
1467, 5
1468, 5
1469, 5
1470, 4
1471, 3
1472, 3
1473, 3
1474, 3
1475, 3
1476, 3
1477, 2
1478, 2
1479, 2
1480, 2
1481, 2
1482, 1
1483, 1
1484, 1
1485, 1
1486, 1
1487, 1
1488, 1
1489, 1
1490, 1
1491, 1
1492, 2
1493, 2
1494, 3
1495, 3
1496, 3
1497, 3
1498, 3
1499, 3
1500, 3
1501, 3
1502, 3
1503, 3
1504, 3
1505, 3
1506, 2
1507, 2
1508, 2
1509, 1
1510, 1
1511, 1
1512, 1
1513, 2
1514, 2
1515, 2
1516, 2
1517, 2
1518, 2
1519, 2
1520, 2
1521, 2
1522, 2
1523, 2
1524, 2
1525, 2
1526, 2
1527, 2
1528, 1
1529, 1
1530, 1
1531, 1
1532, 1
1533, 1
1534, 1
1535, 1
1536, 1
1537, 1
1538, 1
1539, 1
1559, 1
1565, 1
1566, 1
1567, 1
1568, 1
1569, 1
1570, 1
1571, 1
1572, 1
1573, 1
1574, 1
1575, 1
1576, 1
1577, 1
1578, 1
1579, 1
1580, 1
1581, 1
1595, 1
1596, 1
1597, 1
1598, 1
1599, 1
1600, 1
1601, 1
1602, 1
1603, 1
1604, 1
1605, 1
1606, 1
1607, 1
1608, 1
1609, 1
1610, 1
1611, 1
1612, 1
1613, 1
1614, 1
1615, 1
1616, 1
1617, 1
1618, 1
1619, 1
1620, 3
1621, 3
1622, 3
1623, 2
1624, 2
1625, 2
1626, 2
1627, 2
1628, 2
1629, 2
1630, 2
1631, 2
1632, 2
1633, 2
1634, 1
1635, 1
1636, 1
1637, 1
1638, 1
1639, 1
1640, 1
1641, 1
1642, 1
1643, 1
1644, 1
1645, 1
1646, 1
1647, 1
1648, 1
1649, 1
1650, 1
1651, 1
1652, 1
1653, 1
1654, 1
1655, 1
1656, 1
1657, 1
1658, 1
1659, 1
1660, 1
1661, 1
1662, 1
1663, 1
1664, 1
1665, 1
1666, 1
1667, 1
1668, 1
1669, 1
1670, 1
1671, 1
1672, 1
1673, 1
1674, 1
1675, 1
1676, 1
1677, 2
1678, 2
1679, 2
1680, 1
1681, 1
1682, 1
1683, 1
1684, 1
1685, 1
1686, 1
1687, 1
1688, 1
1689, 1
1690, 1
1691, 1
1692, 1
1693, 1
1694, 1
1695, 1
1696, 1
1697, 1
1698, 1
1699, 1
1700, 1
1701, 1
1702, 1
1703, 1
1704, 1
1705, 1
1706, 1
1707, 1
1708, 1
1709, 1
1710, 1
1711, 1
1712, 1
1713, 1
1714, 1
1715, 1
1716, 1
1717, 1
1718, 1
1719, 1
1720, 1
1721, 1
1722, 1
1723, 1
1724, 1
1725, 1
1726, 1
1727, 1
1728, 1
1729, 1
1730, 1
1731, 1
1732, 1
1733, 1
1734, 1
1735, 1
1736, 1
1737, 1
1738, 1
1739, 1
1920, 3
1921, 3
1922, 3
1923, 3
1924, 3
1925, 3
1926, 3
1927, 3
1928, 3
1929, 3
1930, 3
1931, 3
1932, 3
1933, 3
1934, 3
1935, 3
1936, 3
1937, 3
1938, 3
1939, 3
1940, 3
1941, 3
1942, 3
1943, 3
1944, 3
1945, 3
1946, 3
1947, 3
1948, 3
1949, 3
1950, 3
1951, 3
1952, 3
1953, 3
1954, 3
1955, 3
1956, 3
1957, 3
1958, 3
1959, 3
1960, 3
1961, 3
1962, 3
1963, 3
1964, 3
1965, 3
1966, 3
1967, 3
1968, 3
1969, 3
1970, 3
1971, 3
1972, 3
1973, 3
1974, 3
1975, 3
1976, 3
1977, 3
1978, 3
1979, 3
1980, 2
1981, 2
1982, 2
1983, 2
1984, 2
1985, 2
1986, 2
1987, 2
1988, 2
1989, 2
1990, 1
1991, 1
1992, 1
1993, 1
1994, 1
1995, 1
1996, 1
1997, 1
1998, 1
1999, 1
2000, 1
2001, 1
2002, 1
2003, 1
2004, 1
2005, 1
2006, 1
2007, 1
2008, 1
2009, 1
2010, 1
2011, 1
2012, 1
2013, 1
2014, 1
2015, 1
2016, 1
2017, 1
2018, 1
2019, 1
2020, 1
2021, 1
2022, 1
2023, 1
2024, 1
2025, 1
2026, 1
2027, 1
2028, 1
2029, 1
2030, 1
2031, 1
2032, 1
2033, 2
2034, 2
2035, 2
2036, 2
2037, 2
2038, 3
2039, 5
2040, 3
2041, 3
2042, 3
2043, 3
2044, 3
2045, 2
2046, 2
2047, 2
2048, 2
2049, 2
2050, 2
2051, 2
2052, 2
2053, 2
2054, 2
2055, 2
2056, 2
2057, 2
2058, 2
2059, 2
2060, 2
2061, 2
2062, 1
2063, 1
2064, 1
2071, 1
2072, 1
2073, 1
2074, 1
2075, 1
2076, 1
2077, 1
2078, 1
2079, 1
2080, 1
2081, 1
2082, 1
2083, 1
2084, 1
2085, 1
2086, 2
2087, 2
2088, 2
2089, 2
2090, 2
2091, 2
2092, 2
2093, 2
2094, 2
2095, 2
2096, 3
2097, 3
2098, 3
2099, 3
2100, 1
2101, 1
2102, 1
2103, 1
2104, 1
2119, 1
2120, 3
2121, 3
2122, 3
2123, 3
2124, 3
2125, 3
2126, 3
2127, 3
2128, 3
2129, 3
2130, 3
2131, 3
2132, 3
2133, 3
2134, 3
2135, 3
2136, 1
2137, 1
2138, 2
2139, 2
2140, 2
2141, 1
2142, 1
2143, 1
2144, 1
2145, 1
2146, 1
2147, 1
2148, 1
2149, 1
2150, 1
2151, 2
2152, 1
2153, 1
2154, 1
2155, 1
2156, 1
2157, 1
2158, 1
2159, 1
2160, 2
2161, 1
2162, 1
2163, 1
2164, 1
2165, 1
2166, 1
2167, 1
2168, 1
2169, 1
2175, 1
2176, 1
2177, 1
2178, 1
2179, 1
2180, 1
2181, 1
2182, 1
2183, 1
2184, 1
2185, 1
2191, 1
2192, 2
2193, 2
2194, 2
2195, 2
2196, 2
2197, 3
2198, 3
2199, 3
2200, 3
2201, 3
2202, 3
2203, 2
2204, 1
2205, 1
2206, 1
2207, 1
2208, 2
2209, 2
2210, 2
2211, 1
2212, 1
2213, 1
2214, 1
2215, 1
2216, 1
2217, 1
2220, 1
2221, 1
2222, 1
2223, 1
2224, 2
2225, 2
2226, 2
2227, 1
2228, 1
2229, 1
2230, 1
2231, 2
2232, 2
2233, 2
2234, 2
2235, 2
2236, 2
2237, 2
2238, 2
2239, 2
2240, 1
2241, 1
2242, 1
2243, 1
2244, 1
2245, 1
2246, 1
2247, 1
2248, 2
2249, 2
2250, 2
2251, 2
2252, 2
2253, 2
2254, 2
2255, 2
2256, 2
2257, 1
2258, 2
2259, 2
2260, 2
2261, 2
2262, 2
2263, 2
2264, 2
2265, 3
2266, 3
2267, 4
2268, 3
2269, 3
2270, 3
2271, 3
2272, 3
2273, 3
2274, 2
2275, 2
2276, 1
2277, 2
2278, 1
2279, 1
2280, 1
2281, 1
2282, 2
2283, 2
2284, 2
2285, 2
2286, 3
2287, 4
2288, 4
2289, 5
2290, 5
2291, 3
2292, 3
2293, 3
2294, 3
2295, 2
2304, 1
2305, 1
2306, 1
2307, 1
2308, 1
2309, 1
2310, 1
2311, 1
2323, 2
2324, 2
2325, 2
2326, 2
2327, 2
2328, 3
2329, 3
2330, 2
2331, 3
2332, 2
2333, 3
2334, 4
2335, 6
2336, 6
2337, 6
2338, 6
2339, 6
2343, 1
2344, 1
2345, 1
2346, 1
2347, 3
2348, 3
2349, 4
2350, 4
2351, 4
2352, 4
2353, 4
2354, 2
2355, 2
2356, 1
2357, 1
2358, 1
2359, 1
2360, 1
2361, 2
2362, 2
2363, 2
2364, 2
2365, 1
2366, 1
2367, 1
2381, 1
2382, 3
2383, 3
2384, 3
2385, 3
2386, 3
2387, 4
2388, 3
2389, 4
2390, 4
2391, 4
2392, 4
2393, 3
2394, 3
2395, 2
2396, 2
2397, 2
2398, 1
2399, 2
2402, 1
2403, 1
2404, 1
2405, 1
2406, 2
2407, 2
2408, 1
2409, 1
2410, 1
2411, 3
2412, 2
2413, 2
2414, 2
2415, 2
2416, 2
2418, 1
2419, 1
2420, 1
2421, 1
2422, 1
2423, 2
2424, 2
2425, 1
2426, 1
2427, 1
2428, 1
2429, 1
2430, 1
2431, 1
2432, 1
2433, 1
2437, 2
2438, 2
2439, 2
2440, 3
2441, 3
2442, 3
2443, 3
2444, 4
2445, 2
2446, 1
2447, 1
2448, 2
2449, 2
2450, 2
2451, 3
2452, 2
2453, 2
2454, 2
2455, 1
2456, 1
2460, 1
2461, 2
2462, 1
2463, 1
2464, 1
2465, 2
2466, 1
2467, 1
2468, 1
2469, 1
2473, 1
2474, 2
2475, 2
2476, 3
2477, 3
2478, 2
2479, 2
2480, 1
2481, 1
2492, 1
2493, 3
2494, 3
2495, 3
2496, 3
2497, 3
2498, 4
2499, 3
2500, 3
2501, 2
2502, 2
2503, 2
2504, 1
2505, 1
2506, 1
2507, 1
2508, 1
2509, 1
2510, 1
2511, 1
2514, 1
2515, 1
2516, 1
2517, 1
2518, 1
2521, 2
2522, 2
2523, 2
2524, 3
2525, 3
2526, 2
2527, 2
2528, 2
2529, 1
2530, 1
2531, 1
2532, 1
2533, 2
2534, 3
2535, 3
2536, 4
2537, 3
2538, 3
2539, 1
2540, 1
2541, 1
2549, 1
2550, 2
2551, 2
2552, 2
2553, 2
2554, 2
2556, 1
2557, 2
2558, 2
2559, 3
2560, 3
2561, 3
2562, 1
2563, 2
2564, 2
2565, 2
2566, 2
2567, 1
2568, 1
2576, 1
2577, 1
2578, 1
2579, 1
2580, 2
2581, 2
2582, 3
2583, 3
2584, 3
2585, 3
2586, 3
2587, 2
2588, 1
2589, 1
2590, 1
2591, 2
2592, 2
2593, 2
2594, 3
2595, 3
2596, 3
2597, 3
2598, 3
2599, 3
2600, 3
2601, 3
2602, 3
2603, 3
2604, 2
2605, 2
2606, 1
2607, 2
2608, 2
2609, 2
2610, 2
2611, 2
2613, 1
2614, 1
2615, 1
2616, 2
2617, 2
2618, 2
2619, 1
2621, 1
2622, 1
2623, 1
2624, 2
2625, 2
2626, 2
2627, 1
2628, 1
2629, 1
2630, 1
2638, 1
2639, 1
2642, 1
2643, 1
2644, 3
2645, 3
2646, 4
2647, 3
2648, 1
2649, 2
2650, 2
2651, 2
2652, 2
2653, 2
2654, 1
2655, 2
2656, 2
2657, 2
2658, 2
2659, 1
2660, 1
2661, 2
2662, 2
2663, 2
2664, 3
2665, 4
2666, 5
2667, 5
2668, 5
2669, 4
2670, 4
2671, 4
2672, 4
2673, 2
2674, 4
2675, 3
2676, 3
2677, 3
2678, 3
2679, 2
2680, 3
2681, 2
2682, 2
2683, 2
2684, 1
2685, 1
2686, 1
2687, 1
2688, 1
2689, 2
2690, 2
2691, 2
2692, 2
2693, 2
2694, 2
2695, 1
2696, 1
2697, 1
2698, 1
2699, 1
2700, 2
2701, 2
2702, 3
2703, 3
2704, 4
2705, 5
2706, 5
2707, 5
2708, 4
2709, 3
2710, 1
2715, 1
2716, 1
2717, 1
2718, 1
2719, 1
2720, 1
2721, 2
2722, 2
2723, 3
2724, 5
2725, 5
2726, 4
2727, 3
2728, 3
2729, 3
2730, 3
2731, 3
2732, 5
2733, 5
2734, 5
2735, 4
2736, 4
2737, 3
2738, 4
2739, 3
2740, 4
2741, 4
2742, 3
2743, 3
2744, 3
2745, 3
2746, 3
2747, 3
2748, 2
2749, 2
2750, 1
2751, 1
2752, 1
2753, 2
2754, 2
2755, 2
2756, 2
2757, 2
2758, 2
2759, 1
2760, 1
2764, 2
2765, 3
2766, 3
2767, 2
2768, 4
2769, 3
2770, 4
2771, 5
2772, 3
2773, 3
2774, 3
2775, 4
2776, 4
2777, 4
2778, 4
2779, 4
2780, 3
2781, 3
2782, 3
2783, 2
2784, 2
2785, 2
2786, 3
2787, 2
2788, 2
2789, 1
2792, 1
2793, 1
2794, 1
2795, 1
2796, 1
2797, 2
2798, 2
2799, 2
2800, 1
2801, 1
2802, 1
2803, 1
2807, 1
2808, 1
2809, 2
2810, 2
2811, 2
2812, 2
2813, 2
2814, 2
2815, 2
2816, 2
2817, 2
2818, 3
2819, 4
2822, 1
2823, 3
2824, 4
2825, 4
2826, 4
2827, 2
2828, 3
2829, 3
2830, 3
2831, 4
2832, 3
2833, 2
2834, 2
2836, 1
2837, 2
2838, 2
2839, 1
2840, 1
2842, 2
2843, 2
2844, 3
2845, 3
2846, 3
2847, 3
2848, 2
2849, 1
2851, 1
2852, 1
2853, 1
2854, 1
2855, 1
2856, 1
2857, 1
2858, 1
2862, 1
2863, 1
2864, 1
2865, 1
2866, 1
2867, 1
2873, 1
2874, 1
2875, 2
2876, 3
2877, 3
2878, 2
2879, 3
2880, 3
2881, 4
2882, 4
2883, 3
2884, 2
2885, 2
2886, 2
2887, 1
2888, 1
2889, 1
2890, 1
2891, 2
2892, 2
2893, 3
2894, 4
2895, 4
2896, 5
2897, 4
2898, 4
2899, 2
2900, 1
2901, 1
2902, 3
2903, 3
2904, 3
2905, 2
2906, 1
2907, 1
2908, 3
2909, 3
2910, 4
2911, 4
2912, 3
2913, 2
2914, 2
2915, 2
2916, 2
2917, 1
2918, 1
2919, 1
2920, 1
2921, 1
2922, 1
2923, 1
2924, 1
2926, 1
2927, 1
2928, 1
2929, 2
2930, 2
2931, 2
2932, 1
2933, 1
2934, 1
2938, 1
2939, 1
2940, 2
2941, 1
2944, 1
2945, 1
2946, 1
2954, 2
2955, 3
2956, 4
2957, 2
2958, 2
2959, 1
2960, 2
2961, 3
2962, 3
2963, 3
2964, 1
2965, 1
2966, 1
2969, 1
2970, 2
2971, 2
2972, 4
2973, 2
2974, 2
2975, 2
2982, 1
2983, 1
2984, 2
2985, 2
2986, 2
2987, 2
2988, 2
2989, 2
2990, 2
2991, 2
2992, 2
2993, 2
2994, 2
2998, 1
2999, 1
3000, 3
3001, 2
3002, 2
3003, 2
3004, 2
3005, 2
3006, 2
3007, 2
3008, 1
3009, 1
3010, 1
3011, 1
3012, 2
3013, 2
3014, 2
3015, 3
3016, 3
3017, 4
3018, 3
3019, 3
3020, 3
3021, 3
3022, 2
3023, 2
3026, 1
3027, 1
3028, 2
3029, 2
3030, 2
3031, 3
3032, 3
3033, 3
3034, 1
3035, 2
3036, 2
3037, 2
3038, 2
3039, 1
3040, 1
3041, 1
3042, 1
3054, 2
3055, 2
3056, 2
3057, 3
3058, 2
3059, 2
3060, 2
3061, 2
3062, 2
3064, 1
3065, 2
3066, 2
3067, 2
3068, 1
3069, 1
3070, 1
3071, 1
3072, 1
3073, 1
3075, 1
3076, 1
3077, 3
3078, 2
3079, 3
3080, 3
3081, 2
3082, 2
3083, 1
3084, 1
3085, 1
3086, 1
3087, 1
3088, 2
3089, 2
3090, 2
3091, 2
3092, 2
3093, 2
3094, 2
3095, 2
3096, 1
3097, 2
3098, 1
3099, 1
3100, 1
3117, 2
3118, 2
3119, 3
3122, 2
3123, 2
3124, 2
3125, 3
3126, 2
3127, 2
3128, 1
3129, 3
3130, 3
3131, 3
3132, 2
3133, 2
3134, 2
3135, 2
3136, 3
3137, 3
3138, 3
3139, 2
3140, 3
3141, 3
3142, 2
3143, 1
3147, 1
3148, 1
3149, 1
3150, 1
3151, 1
3154, 1
3155, 1
3156, 1
3157, 1
3158, 1
3159, 2
3160, 2
3161, 2
3162, 1
3163, 1
3164, 1
3165, 1
3166, 1
3177, 2
3178, 2
3179, 2
3184, 1
3185, 1
3186, 2
3187, 3
3188, 1
3189, 1
3194, 2
3195, 3
3196, 3
3197, 1
3198, 1
3199, 1
3200, 2
3201, 3
3202, 2
3203, 2
3204, 2
3205, 2
3206, 2
3207, 3
3208, 2
3209, 2
3210, 1
3211, 1
3215, 1
3216, 1
3217, 1
3221, 1
3222, 1
3223, 1
3227, 1
3228, 1
3229, 1
3230, 1
3231, 1
3232, 1
3233, 1
3234, 1
3235, 1
3236, 1
3237, 2
3238, 1
3239, 1
3246, 2
3247, 3
3248, 3
3249, 1
3253, 1
3254, 2
3255, 2
3256, 1
3258, 1
3259, 1
3260, 3
3261, 3
3262, 2
3263, 1
3264, 2
3265, 3
3266, 4
3267, 2
3268, 2
3269, 1
3270, 1
3271, 2
3272, 2
3273, 2
3274, 2
3275, 2
3276, 1
3277, 2
3278, 2
3282, 1
3283, 1
3284, 1
3293, 1
3294, 2
3295, 2
3296, 1
3297, 2
3298, 2
3299, 2
3305, 1
3306, 1
3307, 2
3308, 2
3309, 2
3310, 2
3311, 2
3312, 2
3313, 2
3314, 3
3315, 2
3316, 1
3317, 1
3318, 1
3319, 1
3320, 2
3321, 3
3322, 4
3323, 1
3324, 2
3325, 3
3326, 3
3327, 2
3328, 1
3335, 1
3336, 1
3337, 1
3338, 2
3339, 3
3340, 2
3341, 2
3342, 2
3343, 3
3344, 3
3345, 2
3346, 1
3347, 1
3348, 1
3349, 1
3350, 1
3351, 2
3352, 1
3353, 1
3357, 1
3358, 1
3359, 2
3360, 1
3361, 1
3362, 1
3363, 2
3364, 2
3365, 2
3366, 1
3367, 1
3368, 1
3369, 1
3370, 1
3371, 2
3372, 2
3373, 1
3374, 1
3375, 1
3380, 1
3381, 2
3382, 2
3383, 1
3384, 2
3385, 1
3386, 2
3387, 1
3388, 2
3389, 2
3399, 1
3400, 1
3401, 1
3404, 1
3405, 2
3406, 1
3407, 1
3408, 1
3409, 2
3410, 2
3411, 1
3412, 1
3413, 1
3414, 1
3415, 1
3416, 1
3417, 2
3418, 3
3419, 3
3422, 1
3423, 1
3424, 1
3428, 1
3429, 2
3430, 1
3431, 1
3433, 2
3434, 2
3435, 2
3440, 1
3441, 2
3442, 3
3443, 2
3444, 1
3445, 1
3449, 2
3450, 2
3451, 3
3452, 2
3453, 1
3454, 1
3455, 1
3456, 1
3457, 1
3458, 1
3459, 1
3460, 2
3461, 2
3462, 2
3463, 1
3464, 1
3465, 2
3466, 2
3467, 2
3468, 2
3469, 2
3470, 2
3471, 2
3472, 2
3473, 2
3474, 3
3475, 3
3476, 2
3477, 2
3478, 2
3479, 2
3481, 1
3482, 1
3488, 2
3489, 2
3490, 2
3493, 1
3494, 1
3495, 1
3496, 1
3497, 1
3500, 1
3501, 3
3502, 5
3503, 4
3504, 1
3505, 1
3506, 1
3507, 1
3508, 1
3509, 1
3510, 2
3511, 2
3512, 2
3513, 1
3514, 1
3515, 1
3522, 1
3523, 1
3526, 2
3527, 2
3532, 1
3533, 1
3534, 1
3535, 1
3536, 1
3537, 1
3538, 3
3539, 3
3540, 2
3541, 2
3547, 1
3548, 1
3549, 1
3550, 1
3552, 2
3553, 2
3554, 2
3555, 1
3556, 1
3557, 2
3558, 2
3559, 3
3560, 2
3561, 4
3562, 5
3563, 2
3564, 1
3565, 1
3566, 1
3567, 1
3568, 1
3569, 1
3570, 1
3571, 1
3572, 2
3573, 2
3574, 1
3575, 2
3576, 2
3577, 2
3578, 1
3579, 1
3580, 1
3581, 1
3582, 1
3583, 2
3584, 3
3585, 2
3586, 2
3587, 2
3588, 1
3589, 1
3590, 2
3591, 2
3592, 2
3593, 1
3596, 1
3597, 1
3598, 2
3599, 1
